[49, 83, 65, 100, 224, 220, 266]
[49, 83, 65, 100, 224, 221, 266]
[49, 83, 65, 100, 224, 229, 266, 279, 77, 50, 195, 225, 123, 89, 57, 99, 64, 71, 107, 234, 36, 138, 235, 8, 23, 58, 168, 38, 25, 71, 185, 190, 94, 160, 86, 43, 74, 128, 48, 25]
overshoot allowed (faster):
[49, 83, 65, 100, 224, 235, 266, 279, 77, 50, 195, 227, 123, 89, 57, 99, 64, 71, 106, 234, 36, 133, 236, 8, 23, 58, 168, 38, 25, 71, 185, 190, 92, 160, 86, 43, 74, 124, 48, 25]


Answer is between ]18386 and 18388[ -> 18387

Matrix id=11:
https://matrixcalc.org/de/slu.html#solve-using-Gaussian-elimination%28%7B%7B1,0,1,1,1,1,1,1,1,1,0,0,84%7D,%7B1,0,1,1,0,1,0,1,1,0,1,1,195%7D,%7B1,0,1,0,1,0,1,1,1,1,1,0,185%7D,%7B1,0,1,0,1,0,1,1,0,0,0,1,58%7D,%7B1,0,1,0,0,1,0,1,0,0,1,0,169%7D,%7B1,0,0,1,1,0,1,1,1,0,1,0,170%7D,%7B1,0,0,1,1,0,1,0,0,0,1,1,158%7D,%7B1,0,0,0,1,0,1,0,1,1,1,0,162%7D,%7B0,1,1,1,1,1,0,1,1,0,0,1,80%7D,%7B0,0,1,1,1,0,1,1,1,1,1,1,197%7D%7D%29